spawns:
  default:
    world: 8334f9b2-fb0c-46f7-be12-cdfbef4035eb
    world-name: world
    x: -134.5
    y: 87.0
    z: -484.5
    yaw: -179.1002197265625
    pitch: 4.950001239776611
